0.001	1.	12.	1.1592794807274085	3	den=0.001_d=1._e=12._a=1.1592794807274085_arms=3
0.001	1.	12.	1.1592794807274085	4	den=0.001_d=1._e=12._a=1.1592794807274085_arms=4
0.001	1.	12.	1.0471975511965979	3	den=0.001_d=1._e=12._a=1.0471975511965979_arms=3
0.001	1.	12.	1.0471975511965979	4	den=0.001_d=1._e=12._a=1.0471975511965979_arms=4
0.001	1.	12.	0.9272952180016123	3	den=0.001_d=1._e=12._a=0.9272952180016123_arms=3
0.001	1.	12.	0.9272952180016123	4	den=0.001_d=1._e=12._a=0.9272952180016123_arms=4
0.001	1.	15.	1.1592794807274085	3	den=0.001_d=1._e=15._a=1.1592794807274085_arms=3
0.001	1.	15.	1.1592794807274085	4	den=0.001_d=1._e=15._a=1.1592794807274085_arms=4
0.001	1.	15.	1.0471975511965979	3	den=0.001_d=1._e=15._a=1.0471975511965979_arms=3
0.001	1.	15.	1.0471975511965979	4	den=0.001_d=1._e=15._a=1.0471975511965979_arms=4
0.001	1.	15.	0.9272952180016123	3	den=0.001_d=1._e=15._a=0.9272952180016123_arms=3
0.001	1.	15.	0.9272952180016123	4	den=0.001_d=1._e=15._a=0.9272952180016123_arms=4
0.001	2.	12.	1.1592794807274085	3	den=0.001_d=2._e=12._a=1.1592794807274085_arms=3
0.001	2.	12.	1.1592794807274085	4	den=0.001_d=2._e=12._a=1.1592794807274085_arms=4
0.001	2.	12.	1.0471975511965979	3	den=0.001_d=2._e=12._a=1.0471975511965979_arms=3
0.001	2.	12.	1.0471975511965979	4	den=0.001_d=2._e=12._a=1.0471975511965979_arms=4
0.001	2.	12.	0.9272952180016123	3	den=0.001_d=2._e=12._a=0.9272952180016123_arms=3
0.001	2.	12.	0.9272952180016123	4	den=0.001_d=2._e=12._a=0.9272952180016123_arms=4
0.001	2.	15.	1.1592794807274085	3	den=0.001_d=2._e=15._a=1.1592794807274085_arms=3
0.001	2.	15.	1.1592794807274085	4	den=0.001_d=2._e=15._a=1.1592794807274085_arms=4
0.001	2.	15.	1.0471975511965979	3	den=0.001_d=2._e=15._a=1.0471975511965979_arms=3
0.001	2.	15.	1.0471975511965979	4	den=0.001_d=2._e=15._a=1.0471975511965979_arms=4
0.001	2.	15.	0.9272952180016123	3	den=0.001_d=2._e=15._a=0.9272952180016123_arms=3
0.001	2.	15.	0.9272952180016123	4	den=0.001_d=2._e=15._a=0.9272952180016123_arms=4
0.001	3.	12.	1.1592794807274085	3	den=0.001_d=3._e=12._a=1.1592794807274085_arms=3
0.001	3.	12.	1.1592794807274085	4	den=0.001_d=3._e=12._a=1.1592794807274085_arms=4
0.001	3.	12.	1.0471975511965979	3	den=0.001_d=3._e=12._a=1.0471975511965979_arms=3
0.001	3.	12.	1.0471975511965979	4	den=0.001_d=3._e=12._a=1.0471975511965979_arms=4
0.001	3.	12.	0.9272952180016123	3	den=0.001_d=3._e=12._a=0.9272952180016123_arms=3
0.001	3.	12.	0.9272952180016123	4	den=0.001_d=3._e=12._a=0.9272952180016123_arms=4
0.001	3.	15.	1.1592794807274085	3	den=0.001_d=3._e=15._a=1.1592794807274085_arms=3
0.001	3.	15.	1.1592794807274085	4	den=0.001_d=3._e=15._a=1.1592794807274085_arms=4
0.001	3.	15.	1.0471975511965979	3	den=0.001_d=3._e=15._a=1.0471975511965979_arms=3
0.001	3.	15.	1.0471975511965979	4	den=0.001_d=3._e=15._a=1.0471975511965979_arms=4
0.001	3.	15.	0.9272952180016123	3	den=0.001_d=3._e=15._a=0.9272952180016123_arms=3
0.001	3.	15.	0.9272952180016123	4	den=0.001_d=3._e=15._a=0.9272952180016123_arms=4
0.001	4.	12.	1.1592794807274085	3	den=0.001_d=4._e=12._a=1.1592794807274085_arms=3
0.001	4.	12.	1.1592794807274085	4	den=0.001_d=4._e=12._a=1.1592794807274085_arms=4
0.001	4.	12.	1.0471975511965979	3	den=0.001_d=4._e=12._a=1.0471975511965979_arms=3
0.001	4.	12.	1.0471975511965979	4	den=0.001_d=4._e=12._a=1.0471975511965979_arms=4
0.001	4.	12.	0.9272952180016123	3	den=0.001_d=4._e=12._a=0.9272952180016123_arms=3
0.001	4.	12.	0.9272952180016123	4	den=0.001_d=4._e=12._a=0.9272952180016123_arms=4
0.001	4.	15.	1.1592794807274085	3	den=0.001_d=4._e=15._a=1.1592794807274085_arms=3
0.001	4.	15.	1.1592794807274085	4	den=0.001_d=4._e=15._a=1.1592794807274085_arms=4
0.001	4.	15.	1.0471975511965979	3	den=0.001_d=4._e=15._a=1.0471975511965979_arms=3
0.001	4.	15.	1.0471975511965979	4	den=0.001_d=4._e=15._a=1.0471975511965979_arms=4
0.001	4.	15.	0.9272952180016123	3	den=0.001_d=4._e=15._a=0.9272952180016123_arms=3
0.001	4.	15.	0.9272952180016123	4	den=0.001_d=4._e=15._a=0.9272952180016123_arms=4
0.005	1.	12.	1.1592794807274085	3	den=0.005_d=1._e=12._a=1.1592794807274085_arms=3
0.005	1.	12.	1.1592794807274085	4	den=0.005_d=1._e=12._a=1.1592794807274085_arms=4
0.005	1.	12.	1.0471975511965979	3	den=0.005_d=1._e=12._a=1.0471975511965979_arms=3
0.005	1.	12.	1.0471975511965979	4	den=0.005_d=1._e=12._a=1.0471975511965979_arms=4
0.005	1.	12.	0.9272952180016123	3	den=0.005_d=1._e=12._a=0.9272952180016123_arms=3
0.005	1.	12.	0.9272952180016123	4	den=0.005_d=1._e=12._a=0.9272952180016123_arms=4
0.005	1.	15.	1.1592794807274085	3	den=0.005_d=1._e=15._a=1.1592794807274085_arms=3
0.005	1.	15.	1.1592794807274085	4	den=0.005_d=1._e=15._a=1.1592794807274085_arms=4
0.005	1.	15.	1.0471975511965979	3	den=0.005_d=1._e=15._a=1.0471975511965979_arms=3
0.005	1.	15.	1.0471975511965979	4	den=0.005_d=1._e=15._a=1.0471975511965979_arms=4
0.005	1.	15.	0.9272952180016123	3	den=0.005_d=1._e=15._a=0.9272952180016123_arms=3
0.005	1.	15.	0.9272952180016123	4	den=0.005_d=1._e=15._a=0.9272952180016123_arms=4
0.005	2.	12.	1.1592794807274085	3	den=0.005_d=2._e=12._a=1.1592794807274085_arms=3
0.005	2.	12.	1.1592794807274085	4	den=0.005_d=2._e=12._a=1.1592794807274085_arms=4
0.005	2.	12.	1.0471975511965979	3	den=0.005_d=2._e=12._a=1.0471975511965979_arms=3
0.005	2.	12.	1.0471975511965979	4	den=0.005_d=2._e=12._a=1.0471975511965979_arms=4
0.005	2.	12.	0.9272952180016123	3	den=0.005_d=2._e=12._a=0.9272952180016123_arms=3
0.005	2.	12.	0.9272952180016123	4	den=0.005_d=2._e=12._a=0.9272952180016123_arms=4
0.005	2.	15.	1.1592794807274085	3	den=0.005_d=2._e=15._a=1.1592794807274085_arms=3
0.005	2.	15.	1.1592794807274085	4	den=0.005_d=2._e=15._a=1.1592794807274085_arms=4
0.005	2.	15.	1.0471975511965979	3	den=0.005_d=2._e=15._a=1.0471975511965979_arms=3
0.005	2.	15.	1.0471975511965979	4	den=0.005_d=2._e=15._a=1.0471975511965979_arms=4
0.005	2.	15.	0.9272952180016123	3	den=0.005_d=2._e=15._a=0.9272952180016123_arms=3
0.005	2.	15.	0.9272952180016123	4	den=0.005_d=2._e=15._a=0.9272952180016123_arms=4
0.005	3.	12.	1.1592794807274085	3	den=0.005_d=3._e=12._a=1.1592794807274085_arms=3
0.005	3.	12.	1.1592794807274085	4	den=0.005_d=3._e=12._a=1.1592794807274085_arms=4
0.005	3.	12.	1.0471975511965979	3	den=0.005_d=3._e=12._a=1.0471975511965979_arms=3
0.005	3.	12.	1.0471975511965979	4	den=0.005_d=3._e=12._a=1.0471975511965979_arms=4
0.005	3.	12.	0.9272952180016123	3	den=0.005_d=3._e=12._a=0.9272952180016123_arms=3
0.005	3.	12.	0.9272952180016123	4	den=0.005_d=3._e=12._a=0.9272952180016123_arms=4
0.005	3.	15.	1.1592794807274085	3	den=0.005_d=3._e=15._a=1.1592794807274085_arms=3
0.005	3.	15.	1.1592794807274085	4	den=0.005_d=3._e=15._a=1.1592794807274085_arms=4
0.005	3.	15.	1.0471975511965979	3	den=0.005_d=3._e=15._a=1.0471975511965979_arms=3
0.005	3.	15.	1.0471975511965979	4	den=0.005_d=3._e=15._a=1.0471975511965979_arms=4
0.005	3.	15.	0.9272952180016123	3	den=0.005_d=3._e=15._a=0.9272952180016123_arms=3
0.005	3.	15.	0.9272952180016123	4	den=0.005_d=3._e=15._a=0.9272952180016123_arms=4
0.005	4.	12.	1.1592794807274085	3	den=0.005_d=4._e=12._a=1.1592794807274085_arms=3
0.005	4.	12.	1.1592794807274085	4	den=0.005_d=4._e=12._a=1.1592794807274085_arms=4
0.005	4.	12.	1.0471975511965979	3	den=0.005_d=4._e=12._a=1.0471975511965979_arms=3
0.005	4.	12.	1.0471975511965979	4	den=0.005_d=4._e=12._a=1.0471975511965979_arms=4
0.005	4.	12.	0.9272952180016123	3	den=0.005_d=4._e=12._a=0.9272952180016123_arms=3
0.005	4.	12.	0.9272952180016123	4	den=0.005_d=4._e=12._a=0.9272952180016123_arms=4
0.005	4.	15.	1.1592794807274085	3	den=0.005_d=4._e=15._a=1.1592794807274085_arms=3
0.005	4.	15.	1.1592794807274085	4	den=0.005_d=4._e=15._a=1.1592794807274085_arms=4
0.005	4.	15.	1.0471975511965979	3	den=0.005_d=4._e=15._a=1.0471975511965979_arms=3
0.005	4.	15.	1.0471975511965979	4	den=0.005_d=4._e=15._a=1.0471975511965979_arms=4
0.005	4.	15.	0.9272952180016123	3	den=0.005_d=4._e=15._a=0.9272952180016123_arms=3
0.005	4.	15.	0.9272952180016123	4	den=0.005_d=4._e=15._a=0.9272952180016123_arms=4
0.01	1.	12.	1.1592794807274085	3	den=0.01_d=1._e=12._a=1.1592794807274085_arms=3
0.01	1.	12.	1.1592794807274085	4	den=0.01_d=1._e=12._a=1.1592794807274085_arms=4
0.01	1.	12.	1.0471975511965979	3	den=0.01_d=1._e=12._a=1.0471975511965979_arms=3
0.01	1.	12.	1.0471975511965979	4	den=0.01_d=1._e=12._a=1.0471975511965979_arms=4
0.01	1.	12.	0.9272952180016123	3	den=0.01_d=1._e=12._a=0.9272952180016123_arms=3
0.01	1.	12.	0.9272952180016123	4	den=0.01_d=1._e=12._a=0.9272952180016123_arms=4
0.01	1.	15.	1.1592794807274085	3	den=0.01_d=1._e=15._a=1.1592794807274085_arms=3
0.01	1.	15.	1.1592794807274085	4	den=0.01_d=1._e=15._a=1.1592794807274085_arms=4
0.01	1.	15.	1.0471975511965979	3	den=0.01_d=1._e=15._a=1.0471975511965979_arms=3
0.01	1.	15.	1.0471975511965979	4	den=0.01_d=1._e=15._a=1.0471975511965979_arms=4
0.01	1.	15.	0.9272952180016123	3	den=0.01_d=1._e=15._a=0.9272952180016123_arms=3
0.01	1.	15.	0.9272952180016123	4	den=0.01_d=1._e=15._a=0.9272952180016123_arms=4
0.01	2.	12.	1.1592794807274085	3	den=0.01_d=2._e=12._a=1.1592794807274085_arms=3
0.01	2.	12.	1.1592794807274085	4	den=0.01_d=2._e=12._a=1.1592794807274085_arms=4
0.01	2.	12.	1.0471975511965979	3	den=0.01_d=2._e=12._a=1.0471975511965979_arms=3
0.01	2.	12.	1.0471975511965979	4	den=0.01_d=2._e=12._a=1.0471975511965979_arms=4
0.01	2.	12.	0.9272952180016123	3	den=0.01_d=2._e=12._a=0.9272952180016123_arms=3
0.01	2.	12.	0.9272952180016123	4	den=0.01_d=2._e=12._a=0.9272952180016123_arms=4
0.01	2.	15.	1.1592794807274085	3	den=0.01_d=2._e=15._a=1.1592794807274085_arms=3
0.01	2.	15.	1.1592794807274085	4	den=0.01_d=2._e=15._a=1.1592794807274085_arms=4
0.01	2.	15.	1.0471975511965979	3	den=0.01_d=2._e=15._a=1.0471975511965979_arms=3
0.01	2.	15.	1.0471975511965979	4	den=0.01_d=2._e=15._a=1.0471975511965979_arms=4
0.01	2.	15.	0.9272952180016123	3	den=0.01_d=2._e=15._a=0.9272952180016123_arms=3
0.01	2.	15.	0.9272952180016123	4	den=0.01_d=2._e=15._a=0.9272952180016123_arms=4
0.01	3.	12.	1.1592794807274085	3	den=0.01_d=3._e=12._a=1.1592794807274085_arms=3
0.01	3.	12.	1.1592794807274085	4	den=0.01_d=3._e=12._a=1.1592794807274085_arms=4
0.01	3.	12.	1.0471975511965979	3	den=0.01_d=3._e=12._a=1.0471975511965979_arms=3
0.01	3.	12.	1.0471975511965979	4	den=0.01_d=3._e=12._a=1.0471975511965979_arms=4
0.01	3.	12.	0.9272952180016123	3	den=0.01_d=3._e=12._a=0.9272952180016123_arms=3
0.01	3.	12.	0.9272952180016123	4	den=0.01_d=3._e=12._a=0.9272952180016123_arms=4
0.01	3.	15.	1.1592794807274085	3	den=0.01_d=3._e=15._a=1.1592794807274085_arms=3
0.01	3.	15.	1.1592794807274085	4	den=0.01_d=3._e=15._a=1.1592794807274085_arms=4
0.01	3.	15.	1.0471975511965979	3	den=0.01_d=3._e=15._a=1.0471975511965979_arms=3
0.01	3.	15.	1.0471975511965979	4	den=0.01_d=3._e=15._a=1.0471975511965979_arms=4
0.01	3.	15.	0.9272952180016123	3	den=0.01_d=3._e=15._a=0.9272952180016123_arms=3
0.01	3.	15.	0.9272952180016123	4	den=0.01_d=3._e=15._a=0.9272952180016123_arms=4
0.01	4.	12.	1.1592794807274085	3	den=0.01_d=4._e=12._a=1.1592794807274085_arms=3
0.01	4.	12.	1.1592794807274085	4	den=0.01_d=4._e=12._a=1.1592794807274085_arms=4
0.01	4.	12.	1.0471975511965979	3	den=0.01_d=4._e=12._a=1.0471975511965979_arms=3
0.01	4.	12.	1.0471975511965979	4	den=0.01_d=4._e=12._a=1.0471975511965979_arms=4
0.01	4.	12.	0.9272952180016123	3	den=0.01_d=4._e=12._a=0.9272952180016123_arms=3
0.01	4.	12.	0.9272952180016123	4	den=0.01_d=4._e=12._a=0.9272952180016123_arms=4
0.01	4.	15.	1.1592794807274085	3	den=0.01_d=4._e=15._a=1.1592794807274085_arms=3
0.01	4.	15.	1.1592794807274085	4	den=0.01_d=4._e=15._a=1.1592794807274085_arms=4
0.01	4.	15.	1.0471975511965979	3	den=0.01_d=4._e=15._a=1.0471975511965979_arms=3
0.01	4.	15.	1.0471975511965979	4	den=0.01_d=4._e=15._a=1.0471975511965979_arms=4
0.01	4.	15.	0.9272952180016123	3	den=0.01_d=4._e=15._a=0.9272952180016123_arms=3
0.01	4.	15.	0.9272952180016123	4	den=0.01_d=4._e=15._a=0.9272952180016123_arms=4